B = 3

1)
	0  1   2   3  4  5  6  7
	^
	1, 3, -1, -3, 5, 3, 6, 7
	--------

	DQ: 3, -1

2)
	   ^
	1, 3, -1, -3, 5, 3, 6, 7 
	   ----------

	DQ: 3, -1 
 
3)
		   ^
	1, 3, -1, -3, 5, 3, 6, 7
		  ----------

	DQ: 5, 

4)
		   ^
	1, 3, -1, -3, 5, 3, 6, 7
			  -------- 
			  
	DQ: 5, 3


1, 3, -1, -3, 5, 3, 6, 7
			  -------
			  
DQ: 6, 5, 3


1, 3, -1, -3, 5, 3, 6, 7
				 -------

DQ: 7, 6, 5



__________________________________

1) 
	0  1   2   3  4  5  6  7
	1, 3, -1, -3, 5, 3, 6, 7

	
	0  1  2
	1  2  3
	2  3  4
	3  4  5 
	4  5  6
	5  6  7
